*BEGIN_DATA 

     Start of table                =  0.000000e+00     cm-1 
     End of table                  =  1.998000e+04     cm-1 
     Increment in table            =  1.000000e+01     cm-1 
     Number of points in table     =  1999 

     Continuum coefficients (cm^3.molec-1 * 1.0E-20) 
    0.00000e+00    2.01882e-03    7.58077e-03    1.50832e-02 
    2.26367e-02    2.92909e-02    3.49665e-02    3.99026e-02 
    4.46504e-02    4.91222e-02    5.30512e-02    5.62143e-02 
    5.84562e-02    5.97529e-02    6.00765e-02    5.96086e-02 
    5.83878e-02    5.65335e-02    5.41855e-02    5.14744e-02 
    4.85092e-02    4.53876e-02    4.21967e-02    3.90338e-02 
    3.59612e-02    3.30197e-02    3.02410e-02    2.76331e-02 
    2.52356e-02    2.30338e-02    2.10206e-02    1.91963e-02 
    1.76560e-02    1.62809e-02    1.50554e-02    1.39373e-02 
    1.29064e-02    1.20093e-02    1.12199e-02    1.04808e-02 
    9.80278e-03    9.16913e-03    8.58037e-03    8.02921e-03 
    7.51638e-03    7.05174e-03    6.58077e-03    6.15954e-03 
    5.76292e-03    5.38038e-03    5.02215e-03    4.68144e-03 
    4.36318e-03    4.06402e-03    3.78653e-03    3.51863e-03 
    3.27184e-03    3.04176e-03    2.82580e-03    2.62550e-03 
    2.44126e-03    2.26902e-03    2.11512e-03    1.96554e-03 
    1.82337e-03    1.69182e-03    1.57095e-03    1.46119e-03 
    1.36379e-03    1.27767e-03    1.20330e-03    1.14134e-03 
    1.08357e-03    1.03276e-03    9.82220e-04    9.32718e-04 
    8.75795e-04    8.78310e-04    8.72090e-04    8.15571e-04 
    7.73289e-04    7.29603e-04    6.85550e-04    6.52924e-04 
    6.28128e-04    6.06367e-04    5.84525e-04    5.66215e-04 
    5.47757e-04    5.29149e-04    5.08572e-04    4.82910e-04 
    4.52615e-04    4.27256e-04    4.05298e-04    3.87299e-04 
    3.68956e-04    3.50019e-04    3.36357e-04    3.20560e-04 
    3.05209e-04    2.90387e-04    2.77941e-04    2.66740e-04 
    2.55895e-04    2.46065e-04    2.37200e-04    2.28778e-04 
    2.21074e-04    2.14366e-04    2.08671e-04    2.02670e-04 
    1.99595e-04    1.95344e-04    1.94254e-04    1.93083e-04 
    1.93420e-04    1.95073e-04    1.97719e-04    2.00351e-04 
    2.06207e-04    2.15872e-04    2.29097e-04    2.39819e-04 
    2.52686e-04    2.75099e-04    2.74401e-04    3.02329e-04 
    3.33338e-04    3.54252e-04    3.95170e-04    4.41730e-04 
    5.05671e-04    5.66918e-04    6.38065e-04    7.39613e-04 
    8.27422e-04    9.70322e-04    1.11775e-03    1.28129e-03 
    1.53937e-03    1.71997e-03    2.14704e-03    2.33260e-03 
    2.74228e-03    3.08349e-03    3.67433e-03    4.03625e-03 
    4.75730e-03    5.30436e-03    5.99270e-03    6.86423e-03 
    7.29898e-03    8.23237e-03    8.82836e-03    9.50778e-03 
    1.01463e-02    1.05869e-02    1.08962e-02    1.11461e-02 
    1.13334e-02    1.13836e-02    1.14947e-02    1.14622e-02 
    1.13577e-02    1.09003e-02    1.07600e-02    1.03606e-02 
    9.61600e-03    9.01167e-03    8.28211e-03    7.72817e-03 
    7.16367e-03    6.18385e-03    5.68723e-03    4.96570e-03 
    4.41101e-03    3.85191e-03    3.45826e-03    3.01290e-03 
    2.77101e-03    2.37184e-03    2.10608e-03    1.84336e-03 
    1.63528e-03    1.49281e-03    1.30398e-03    1.21425e-03 
    1.02091e-03    9.34640e-04    8.00855e-04    7.09761e-04 
    6.40817e-04    5.66593e-04    4.96955e-04    4.52536e-04 
    4.02756e-04    3.63980e-04    3.24868e-04    2.89289e-04 
    2.62200e-04    2.44406e-04    2.27375e-04    2.05446e-04 
    1.84601e-04    1.64059e-04    1.47361e-04    1.30660e-04 
    1.17594e-04    1.03756e-04    9.40287e-05    8.34215e-05 
    7.51543e-05    6.76764e-05    6.38364e-05    6.00919e-05 
    5.70254e-05    5.41135e-05    5.15266e-05    4.90024e-05 
    4.66609e-05    4.46686e-05    4.27529e-05    4.10761e-05 
    3.94322e-05    3.80560e-05    3.66358e-05    3.54860e-05 
    3.43212e-05    3.33082e-05    3.23566e-05    3.12875e-05 
    3.03146e-05    2.97393e-05    2.89054e-05    2.81216e-05 
    2.74886e-05    2.67671e-05    2.62293e-05    2.55753e-05 
    2.51531e-05    2.46727e-05    2.42319e-05    2.37862e-05 
    2.33688e-05    2.29360e-05    2.25847e-05    2.22003e-05 
    2.18688e-05    2.15242e-05    2.12270e-05    2.08899e-05 
    2.05890e-05    2.02678e-05    2.00300e-05    1.97259e-05 
    1.95106e-05    1.93093e-05    1.90853e-05    1.88609e-05 
    1.87449e-05    1.85755e-05    1.84589e-05    1.85044e-05 
    1.85724e-05    1.87125e-05    1.89487e-05    1.93120e-05 
    1.96360e-05    1.97086e-05    1.96177e-05    1.93813e-05 
    1.90527e-05    1.87518e-05    1.83909e-05    1.79650e-05 
    1.76218e-05    1.73521e-05    1.71510e-05    1.70193e-05 
    1.68560e-05    1.67464e-05    1.66931e-05    1.66467e-05 
    1.66279e-05    1.66162e-05    1.66272e-05    1.67220e-05 
    1.68066e-05    1.71032e-05    1.73104e-05    1.76984e-05 
    1.82397e-05    1.87391e-05    1.96502e-05    2.07273e-05 
    2.18584e-05    2.32873e-05    2.50059e-05    2.71256e-05 
    2.92578e-05    3.09893e-05    3.43100e-05    3.57856e-05 
    4.09603e-05    4.46520e-05    4.84464e-05    5.24160e-05 
    5.75201e-05    6.07266e-05    6.50574e-05    6.89260e-05 
    7.27364e-05    7.38094e-05    7.57809e-05    7.56692e-05 
    7.56396e-05    7.56140e-05    7.66145e-05    7.59567e-05 
    7.78334e-05    7.79535e-05    7.81470e-05    7.68836e-05 
    7.60831e-05    7.64220e-05    7.53843e-05    7.49358e-05 
    7.63476e-05    7.63290e-05    7.76986e-05    7.88794e-05 
    8.13482e-05    8.46125e-05    9.03008e-05    9.67751e-05 
    1.05466e-04    1.16971e-04    1.28525e-04    1.42469e-04 
    1.60505e-04    1.79133e-04    1.97962e-04    2.26271e-04 
    2.53805e-04    2.91831e-04    3.25295e-04    3.69197e-04 
    4.13596e-04    4.76356e-04    5.37826e-04    6.22261e-04 
    7.00054e-04    8.09825e-04    9.14033e-04    1.04431e-03 
    1.18333e-03    1.40596e-03    1.59035e-03    1.87535e-03 
    2.13460e-03    2.50572e-03    2.94430e-03    3.50343e-03 
    3.75775e-03    4.42725e-03    4.91422e-03    5.26179e-03 
    6.15847e-03    6.74970e-03    7.15512e-03    7.65424e-03 
    8.12287e-03    8.44154e-03    8.74785e-03    9.27877e-03 
    9.33422e-03    9.41705e-03    9.42784e-03    9.17461e-03 
    8.69791e-03    8.60375e-03    8.01328e-03    7.51996e-03 
    6.96108e-03    5.99836e-03    5.52586e-03    4.77058e-03 
    4.15150e-03    3.55280e-03    3.13312e-03    2.67769e-03 
    2.27163e-03    1.97241e-03    1.70169e-03    1.49292e-03 
    1.31172e-03    1.15616e-03    1.03238e-03    9.21871e-04 
    8.27990e-04    7.43469e-04    6.66635e-04    5.98157e-04 
    5.36101e-04    4.80973e-04    4.29067e-04    3.84592e-04 
    3.45293e-04    3.09400e-04    2.76454e-04    2.48064e-04 
    2.22317e-04    1.99445e-04    1.79885e-04    1.61309e-04 
    1.44834e-04    1.30155e-04    1.17141e-04    1.05582e-04 
    9.50587e-05    8.57255e-05    7.72637e-05    6.97626e-05 
    6.30402e-05    5.66694e-05    5.12399e-05    4.73741e-05 
    4.49267e-05    4.34902e-05    4.19683e-05    4.02138e-05 
    3.85472e-05    3.69645e-05    3.54953e-05    3.41115e-05 
    3.27944e-05    3.15556e-05    3.03551e-05    2.92434e-05 
    2.81934e-05    2.72013e-05    2.62431e-05    2.53321e-05 
    2.44694e-05    2.36584e-05    2.28510e-05    2.21172e-05 
    2.13909e-05    2.06786e-05    2.00000e-05    1.93260e-05 
    1.86920e-05    1.80797e-05    1.75208e-05    1.69971e-05 
    1.64955e-05    1.60869e-05    1.57513e-05    1.54541e-05 
    1.51876e-05    1.49792e-05    1.47202e-05    1.44457e-05 
    1.41520e-05    1.38317e-05    1.34399e-05    1.30366e-05 
    1.27430e-05    1.24687e-05    1.22347e-05    1.19913e-05 
    1.17612e-05    1.15741e-05    1.13848e-05    1.12346e-05 
    1.11092e-05    1.10005e-05    1.09119e-05    1.08401e-05 
    1.08073e-05    1.07715e-05    1.07653e-05    1.07513e-05 
    1.07714e-05    1.08250e-05    1.09052e-05    1.09970e-05 
    1.11217e-05    1.12704e-05    1.14680e-05    1.17172e-05 
    1.19796e-05    1.21619e-05    1.23797e-05    1.29988e-05 
    1.42089e-05    1.59882e-05    1.80585e-05    2.03081e-05 
    2.27723e-05    2.55526e-05    2.87417e-05    3.23070e-05 
    3.63674e-05    4.07491e-05    4.58395e-05    5.13713e-05 
    5.76338e-05    6.43446e-05    7.28294e-05    8.18471e-05 
    9.32769e-05    1.04808e-04    1.19471e-04    1.36888e-04 
    1.61575e-04    1.83504e-04    2.16756e-04    2.57613e-04 
    2.96774e-04    3.58420e-04    4.02910e-04    4.61801e-04 
    5.26224e-04    6.03887e-04    6.53582e-04    7.44704e-04 
    7.88823e-04    8.34911e-04    9.05217e-04    9.54423e-04 
    9.76653e-04    9.99514e-04    1.03828e-03    1.04713e-03 
    1.04358e-03    1.01690e-03    9.95124e-04    9.49910e-04 
    9.06318e-04    8.23161e-04    7.65981e-04    6.90752e-04 
    5.90890e-04    5.53499e-04    4.54615e-04    4.08914e-04 
    3.48337e-04    2.99486e-04    2.59282e-04    2.23129e-04 
    1.89884e-04    1.64053e-04    1.43472e-04    1.24533e-04 
    1.09918e-04    9.66433e-05    8.64232e-05    7.71165e-05 
    6.92293e-05    6.22624e-05    5.57815e-05    5.03708e-05 
    4.54175e-05    4.07661e-05    3.65292e-05    3.28461e-05 
    2.94792e-05    2.64058e-05    2.37212e-05    2.13029e-05 
    1.90321e-05    1.71317e-05    1.53579e-05    1.37874e-05 
    1.24011e-05    1.11262e-05    1.00178e-05    9.01049e-06 
    8.13030e-06    7.36007e-06    6.61189e-06    5.97225e-06 
    5.41589e-06    4.86780e-06    4.39416e-06    4.01963e-06 
    3.76239e-06    3.56955e-06    3.39625e-06    3.21157e-06 
    3.04654e-06    2.88522e-06    2.73149e-06    2.58922e-06 
    2.45132e-06    2.32249e-06    2.19715e-06    2.07715e-06 
    1.96533e-06    1.85968e-06    1.76183e-06    1.66520e-06 
    1.57840e-06    1.49698e-06    1.41996e-06    1.34885e-06 
    1.28107e-06    1.21429e-06    1.15018e-06    1.08789e-06 
    1.02892e-06    9.71751e-07    9.17888e-07    8.68094e-07 
    8.23042e-07    7.80600e-07    7.41573e-07    7.04700e-07 
    6.70270e-07    6.38831e-07    6.09696e-07    5.82979e-07 
    5.58468e-07    5.37185e-07    5.17761e-07    5.01490e-07 
    4.87441e-07    4.75212e-07    4.64863e-07    4.57749e-07 
    4.52114e-07    4.47511e-07    4.45397e-07    4.45169e-07 
    4.46917e-07    4.51272e-07    4.57587e-07    4.66261e-07 
    4.77008e-07    4.91047e-07    5.07097e-07    5.25901e-07 
    5.47414e-07    5.72233e-07    5.99504e-07    6.31707e-07 
    6.65738e-07    7.05257e-07    7.47786e-07    7.94632e-07 
    8.49776e-07    9.03443e-07    9.70753e-07    1.05006e-06 
    1.13619e-06    1.22123e-06    1.32646e-06    1.46438e-06 
    1.59952e-06    1.77845e-06    1.96119e-06    2.21323e-06 
    2.44589e-06    2.81918e-06    3.20317e-06    3.66130e-06 
    4.25957e-06    5.09685e-06    5.99905e-06    7.22522e-06 
    8.58300e-06    1.03490e-05    1.21133e-05    1.45591e-05 
    1.70373e-05    2.04121e-05    2.52007e-05    2.90734e-05 
    3.35956e-05    3.61055e-05    3.95577e-05    4.23398e-05 
    4.52564e-05    4.84757e-05    5.06958e-05    5.20425e-05 
    5.44263e-05    5.55615e-05    5.82599e-05    5.85238e-05 
    6.05260e-05    5.86945e-05    6.03641e-05    5.94943e-05 
    5.98551e-05    5.83166e-05    5.88168e-05    6.16125e-05 
    6.27020e-05    6.59011e-05    6.94287e-05    7.59648e-05 
    8.26165e-05    9.34798e-05    1.04090e-04    1.16086e-04 
    1.33819e-04    1.54913e-04    1.79942e-04    2.07562e-04 
    2.44531e-04    2.69350e-04    3.22156e-04    3.48665e-04 
    3.66917e-04    4.32828e-04    4.48742e-04    5.06744e-04 
    5.38449e-04    5.76585e-04    6.19133e-04    6.20285e-04 
    6.47222e-04    6.84763e-04    6.95254e-04    7.09359e-04 
    7.02880e-04    6.85969e-04    6.86165e-04    6.29784e-04 
    5.82937e-04    5.32180e-04    4.59725e-04    4.07486e-04 
    3.35762e-04    2.86739e-04    2.27901e-04    1.81497e-04 
    1.51697e-04    1.20607e-04    9.70850e-05    7.79733e-05 
    6.27855e-05    5.10892e-05    4.20874e-05    3.48422e-05 
    2.90385e-05    2.44390e-05    2.08801e-05    1.80045e-05 
    1.58827e-05    1.42404e-05    1.28909e-05    1.17368e-05 
    1.08105e-05    9.90615e-06    9.16336e-06    8.45494e-06 
    7.80446e-06    7.20071e-06    6.67888e-06    6.18037e-06 
    5.77199e-06    5.35183e-06    5.00501e-06    4.66015e-06 
    4.36703e-06    4.10077e-06    3.84010e-06    3.61739e-06 
    3.40872e-06    3.21174e-06    3.03218e-06    2.87185e-06 
    2.71659e-06    2.56500e-06    2.42339e-06    2.29495e-06 
    2.17139e-06    2.05175e-06    1.94062e-06    1.82936e-06 
    1.73260e-06    1.64123e-06    1.55494e-06    1.47092e-06 
    1.39217e-06    1.31844e-06    1.25002e-06    1.18314e-06 
    1.12057e-06    1.06239e-06    1.00666e-06    9.54451e-07 
    9.04639e-07    8.57240e-07    8.12562e-07    7.70139e-07 
    7.30324e-07    6.92631e-07    6.57431e-07    6.24331e-07 
    5.93471e-07    5.63924e-07    5.36569e-07    5.11495e-07 
    4.87645e-07    4.66234e-07    4.46471e-07    4.30841e-07 
    4.17027e-07    4.08792e-07    4.04368e-07    4.16513e-07 
    4.16647e-07    4.42539e-07    4.91044e-07    5.24231e-07 
    5.64459e-07    6.18749e-07    6.85089e-07    7.43359e-07 
    8.29717e-07    8.89760e-07    9.63035e-07    1.02063e-06 
    1.13182e-06    1.22747e-06    1.33192e-06    1.44335e-06 
    1.49912e-06    1.56052e-06    1.57376e-06    1.61558e-06 
    1.65370e-06    1.67952e-06    1.69385e-06    1.73109e-06 
    1.78082e-06    1.80472e-06    1.82110e-06    1.81625e-06 
    1.81431e-06    1.81137e-06    1.79388e-06    1.82164e-06 
    1.82691e-06    1.80648e-06    1.88920e-06    1.94861e-06 
    2.04791e-06    2.16339e-06    2.30040e-06    2.44460e-06 
    2.67893e-06    2.90222e-06    3.23251e-06    3.59593e-06 
    4.04200e-06    4.64602e-06    5.35872e-06    6.20114e-06 
    7.18042e-06    8.23371e-06    9.64961e-06    1.12184e-05 
    1.28490e-05    1.53797e-05    1.79174e-05    1.98637e-05 
    2.16808e-05    2.46158e-05    2.84375e-05    3.01459e-05 
    3.20542e-05    3.42819e-05    3.60548e-05    3.78415e-05 
    3.78846e-05    3.83860e-05    4.08545e-05    4.12668e-05 
    4.09996e-05    3.93968e-05    3.87507e-05    3.78117e-05 
    3.51853e-05    3.25834e-05    3.00718e-05    2.71961e-05 
    2.33840e-05    2.05382e-05    1.74329e-05    1.49205e-05 
    1.32688e-05    1.14931e-05    9.89352e-06    8.60278e-06 
    7.53748e-06    6.66204e-06    5.93187e-06    5.35186e-06 
    4.87580e-06    4.40183e-06    4.00073e-06    3.62540e-06 
    3.25868e-06    2.92011e-06    2.63277e-06    2.36411e-06 
    2.10604e-06    1.88473e-06    1.68596e-06    1.49289e-06 
    1.35014e-06    1.19552e-06    1.07301e-06    9.54054e-07 
    8.47902e-07    7.59219e-07    6.72212e-07    6.04998e-07 
    5.30514e-07    4.72550e-07    4.21651e-07    3.75221e-07 
    3.31201e-07    3.01982e-07    2.69492e-07    2.44243e-07 
    2.20880e-07    1.99842e-07    1.82098e-07    1.65335e-07 
    1.52394e-07    1.39712e-07    1.27649e-07    1.16604e-07 
    1.07661e-07    1.01036e-07    9.54908e-08    9.06367e-08 
    8.60971e-08    8.18108e-08    7.76468e-08    7.36052e-08 
    7.08115e-08    6.80569e-08    6.50912e-08    6.22009e-08 
    5.94068e-08    5.66138e-08    5.41250e-08    5.17084e-08 
    4.93539e-08    4.71594e-08    4.51308e-08    4.32046e-08 
    4.14185e-08    3.97265e-08    3.82074e-08    3.67821e-08 
    3.54152e-08    3.41090e-08    3.30685e-08    3.19723e-08 
    3.11978e-08    3.03739e-08    2.98438e-08    2.93095e-08 
    2.92198e-08    2.95754e-08    2.95839e-08    3.04769e-08 
    3.17842e-08    3.39102e-08    3.51920e-08    3.65797e-08 
    3.80025e-08    4.02028e-08    4.14655e-08    4.33904e-08 
    4.51151e-08    4.66288e-08    4.82149e-08    4.90964e-08 
    5.01732e-08    5.08639e-08    5.12926e-08    5.31630e-08 
    5.40580e-08    5.53359e-08    5.65260e-08    5.65485e-08 
    5.73066e-08    5.99674e-08    6.14362e-08    6.80615e-08 
    7.26771e-08    7.74439e-08    8.25702e-08    8.94464e-08 
    9.61624e-08    1.04409e-07    1.13184e-07    1.21413e-07 
    1.33832e-07    1.46156e-07    1.60456e-07    1.74657e-07 
    1.91950e-07    2.16625e-07    2.42517e-07    2.66805e-07 
    3.23012e-07    3.76416e-07    4.49750e-07    5.32473e-07 
    6.65885e-07    7.80547e-07    1.03929e-06    1.29664e-06 
    1.65825e-06    1.99157e-06    2.26751e-06    2.43536e-06 
    2.57909e-06    2.75782e-06    2.98702e-06    3.19178e-06 
    3.37121e-06    3.56836e-06    3.71282e-06    3.95035e-06 
    4.05928e-06    4.21832e-06    4.36370e-06    4.50269e-06 
    4.71202e-06    4.96338e-06    5.09003e-06    5.50333e-06 
    5.92078e-06    6.20942e-06    6.91639e-06    7.85877e-06 
    8.91741e-06    9.80937e-06    1.15694e-05    1.27148e-05 
    1.37560e-05    1.60873e-05    1.70746e-05    1.88739e-05 
    2.02967e-05    2.19856e-05    2.32717e-05    2.53382e-05 
    2.47753e-05    2.59856e-05    2.63529e-05    2.66609e-05 
    2.63730e-05    2.53196e-05    2.43821e-05    2.37717e-05 
    2.20545e-05    2.07825e-05    1.83288e-05    1.62723e-05 
    1.40220e-05    1.20241e-05    1.08016e-05    9.33870e-06 
    8.03701e-06    6.98533e-06    6.20053e-06    5.58011e-06 
    5.07331e-06    4.62142e-06    4.24270e-06    3.92054e-06 
    3.62837e-06    3.39323e-06    3.19340e-06    3.00889e-06 
    2.90469e-06    2.81856e-06    2.81675e-06    2.76032e-06 
    2.82259e-06    2.77598e-06    2.74283e-06    2.86833e-06 
    2.85155e-06    2.92778e-06    3.00919e-06    3.03076e-06 
    3.02903e-06    3.08094e-06    3.12779e-06    3.12598e-06 
    3.09059e-06    3.10658e-06    2.73757e-06    2.43163e-06 
    2.10905e-06    1.78194e-06    1.40501e-06    1.15356e-06 
    9.70372e-07    7.81731e-07    6.82170e-07    5.48568e-07 
    4.72102e-07    3.95568e-07    3.31559e-07    2.76335e-07 
    2.39356e-07    2.06369e-07    1.85132e-07    1.66022e-07 
    1.51711e-07    1.38238e-07    1.29331e-07    1.17103e-07 
    1.08023e-07    1.00371e-07    9.25406e-08    8.56353e-08 
    7.89279e-08    7.37491e-08    6.89749e-08    6.43248e-08 
    5.98447e-08    5.60782e-08    5.26724e-08    4.95654e-08 
    4.66497e-08    4.38200e-08    4.14209e-08    3.91247e-08 
    3.69647e-08    3.49692e-08    3.31392e-08    3.14330e-08 
    2.97916e-08    2.83795e-08    2.70070e-08    2.57336e-08 
    2.45744e-08    2.35078e-08    2.25149e-08    2.15854e-08 
    2.07455e-08    1.99823e-08    1.92187e-08    1.86338e-08 
    1.80382e-08    1.73849e-08    1.71382e-08    1.66929e-08 
    1.67231e-08    1.66379e-08    1.65747e-08    1.75770e-08 
    1.84493e-08    2.01467e-08    2.20918e-08    2.53924e-08 
    3.02711e-08    3.59711e-08    4.11273e-08    4.50684e-08 
    4.85014e-08    5.28912e-08    5.83316e-08    6.29505e-08 
    6.74106e-08    7.21744e-08    7.77476e-08    8.31407e-08 
    8.86514e-08    9.42056e-08    1.01745e-07    1.06816e-07 
    1.15204e-07    1.23216e-07    1.29044e-07    1.38526e-07 
    1.48031e-07    1.61051e-07    1.80181e-07    1.98692e-07 
    2.21278e-07    2.53289e-07    2.87557e-07    3.41719e-07 
    3.81053e-07    4.35511e-07    5.23562e-07    5.94497e-07 
    6.97866e-07    7.70986e-07    8.62514e-07    9.55913e-07 
    1.09432e-06    1.20526e-06    1.29381e-06    1.39792e-06 
    1.46225e-06    1.54332e-06    1.55693e-06    1.65626e-06 
    1.69086e-06    1.70225e-06    1.69160e-06    1.62968e-06 
    1.59497e-06    1.54739e-06    1.45277e-06    1.34627e-06 
    1.21300e-06    1.13972e-06    9.78693e-07    8.44678e-07 
    7.19491e-07    6.21825e-07    5.44882e-07    4.75646e-07 
    4.14809e-07    3.69846e-07    3.36118e-07    3.03882e-07 
    2.81248e-07    2.60827e-07    2.42269e-07    2.26365e-07 
    2.12806e-07    2.01190e-07    1.91787e-07    1.87895e-07 
    1.81732e-07    1.76386e-07    1.75011e-07    1.73760e-07 
    1.72352e-07    1.70393e-07    1.71525e-07    1.67141e-07 
    1.64425e-07    1.65686e-07    1.62561e-07    1.61118e-07 
    1.62256e-07    1.60839e-07    1.61581e-07    1.48575e-07 
    1.29508e-07    1.16277e-07    9.12856e-08    7.64360e-08 
    5.76341e-08    4.77928e-08    3.87539e-08    3.64856e-08 
    3.21486e-08    2.60926e-08    2.24505e-08    1.99455e-08 
    1.63567e-08    1.43053e-08    1.21160e-08    1.08367e-08 
    9.71854e-09    8.84580e-09    8.10330e-09    7.49440e-09 
    6.92687e-09    6.40534e-09    5.97225e-09    5.56538e-09 
    5.20422e-09    4.88415e-09    4.59640e-09    4.32583e-09 
    4.06907e-09    3.85024e-09    3.65012e-09    3.46266e-09 
    3.29247e-09    3.13523e-09    2.99541e-09    2.86691e-09 
    2.74719e-09    2.64051e-09    2.54385e-09    2.45732e-09 
    2.37782e-09    2.30876e-09    2.24988e-09    2.19662e-09 
    2.15395e-09    2.11985e-09    2.09472e-09    2.07820e-09 
    2.07224e-09    2.07386e-09    2.08729e-09    2.10785e-09 
    2.14081e-09    2.18574e-09    2.23954e-09    2.30672e-09 
    2.38603e-09    2.47758e-09    2.58280e-09    2.70600e-09 
    2.84276e-09    3.00402e-09    3.18926e-09    3.38502e-09 
    3.60412e-09    3.86524e-09    4.06634e-09    4.32596e-09 
    4.67550e-09    5.12461e-09    5.75248e-09    6.44265e-09 
    7.18226e-09    8.05636e-09    8.98536e-09    1.00251e-08 
    1.12405e-08    1.25734e-08    1.40425e-08    1.57624e-08 
    1.75445e-08    1.96898e-08    2.21751e-08    2.49352e-08 
    2.82424e-08    3.19391e-08    3.62667e-08    4.14871e-08 
    4.74896e-08    5.39691e-08    6.37076e-08    7.22313e-08 
    8.41677e-08    9.70055e-08    1.12165e-07    1.27269e-07 
    1.43198e-07    1.62696e-07    1.80801e-07    2.04326e-07 
    2.22492e-07    2.45430e-07    2.72893e-07    3.01509e-07 
    3.35892e-07    3.71674e-07    4.05515e-07    4.49849e-07 
    5.10394e-07    5.75900e-07    6.17857e-07    6.81250e-07 
    7.75822e-07    8.26970e-07    9.15447e-07    9.88455e-07 
    1.09691e-06    1.15455e-06    1.21476e-06    1.31039e-06 
    1.34777e-06    1.43665e-06    1.47699e-06    1.49347e-06 
    1.52526e-06    1.50840e-06    1.48766e-06    1.43121e-06 
    1.38668e-06    1.33544e-06    1.21438e-06    1.13119e-06 
    9.87526e-07    9.11592e-07    7.85180e-07    6.74966e-07 
    5.77606e-07    4.98992e-07    4.34169e-07    3.85919e-07 
    3.43586e-07    3.07397e-07    2.75068e-07    2.47428e-07 
    2.22608e-07    2.02540e-07    1.84338e-07    1.69951e-07 
    1.57031e-07    1.47797e-07    1.40360e-07    1.34604e-07 
    1.29293e-07    1.28795e-07    1.29234e-07    1.31167e-07 
    1.33586e-07    1.36768e-07    1.47090e-07    1.50430e-07 
    1.55802e-07    1.72605e-07    1.81631e-07    1.96789e-07 
    2.09542e-07    2.27685e-07    2.38875e-07    2.45705e-07 
    2.59369e-07    2.67537e-07    2.72463e-07    2.83731e-07 
    2.86930e-07    2.83409e-07    2.77447e-07    2.45506e-07 
    2.11720e-07    1.73954e-07    1.44841e-07    1.25362e-07 
    8.68014e-08    8.13516e-08    6.80546e-08    5.76833e-08 
    4.79194e-08    3.88248e-08    3.26249e-08    2.89675e-08 
    2.60570e-08    2.33073e-08    2.09662e-08    1.95194e-08 
    1.78226e-08    1.54800e-08    1.33818e-08    1.16244e-08 
    1.05212e-08    9.87251e-09    9.18230e-09    8.61818e-09 
    7.84225e-09    7.03538e-09    6.59107e-09    5.87432e-09 
    5.35293e-09    4.85324e-09    4.45899e-09    4.07531e-09 
    3.80187e-09    3.51774e-09    3.25835e-09    3.06040e-09 
    2.87269e-09    2.70960e-09    2.57638e-09    2.45629e-09 
    2.34260e-09    2.23895e-09    2.14305e-09    2.05566e-09 
    1.97466e-09    1.90542e-09    1.84266e-09    1.78630e-09 
    1.73858e-09    1.69563e-09    1.65954e-09    1.62934e-09 
    1.60516e-09    1.58883e-09    1.57947e-09    1.57952e-09 
    1.59297e-09    1.62030e-09    1.66352e-09    1.72022e-09 
    1.83758e-09    1.93861e-09    2.07341e-09    2.29878e-09 
    2.61605e-09    2.94770e-09    3.36806e-09    4.03069e-09 
    4.93631e-09    6.14049e-09    7.26596e-09    8.08533e-09 
    8.68889e-09    9.54982e-09    1.04363e-08    1.13272e-08 
    1.26206e-08    1.38364e-08    1.53495e-08    1.79041e-08 
    1.92028e-08    2.20872e-08    2.55254e-08    2.85747e-08 
    3.21110e-08    3.67402e-08    4.35187e-08    4.79121e-08 
    5.53505e-08    6.15538e-08    6.97213e-08    7.70625e-08 
    8.46582e-08    9.10076e-08    9.73461e-08    1.04582e-07 
    1.10049e-07    1.14485e-07    1.13903e-07    1.22398e-07 
    1.23364e-07    1.23383e-07    1.22440e-07    1.17085e-07 
    1.14465e-07    1.08638e-07    1.02123e-07    9.47543e-08 
    8.75872e-08    7.41177e-08    6.53173e-08    5.62904e-08 
    4.96781e-08    4.29354e-08    3.68176e-08    3.23842e-08 
    2.88207e-08    2.55010e-08    2.23692e-08    2.04655e-08 
    1.82213e-08    1.63837e-08    1.48475e-08    1.34978e-08 
    1.24160e-08    1.14506e-08    1.08701e-08    1.01998e-08 
    9.86662e-09    9.70312e-09    9.56423e-09    9.68604e-09 
    9.84375e-09    9.93475e-09    1.10885e-08    1.15609e-08 
    1.22446e-08    1.31728e-08    1.43282e-08    1.49657e-08 
    1.65364e-08    1.79748e-08    1.90244e-08    2.02569e-08 
    2.10964e-08    2.23319e-08    2.29753e-08    2.33329e-08 
    2.36592e-08    2.35567e-08    2.31423e-08    2.05217e-08 
    1.78596e-08    1.43907e-08    1.13080e-08    8.77929e-09 
    7.07455e-09    6.17266e-09    5.49940e-09    4.11637e-09 
    3.61478e-09    2.95244e-09    2.40102e-09    2.04262e-09 
    1.75668e-09    1.53933e-09    1.36205e-09    1.21733e-09 
    1.09529e-09    9.97206e-10    9.14413e-10    8.44595e-10 
    7.83562e-10    7.30949e-10    6.85275e-10    6.45171e-10 
    6.10314e-10    5.79816e-10    5.53464e-10    5.30752e-10 
    5.10519e-10    4.94354e-10    4.80168e-10    4.69118e-10 
    4.60368e-10    4.54247e-10    4.50109e-10    4.48356e-10 
    4.48825e-10    4.52040e-10    4.56909e-10    4.64742e-10 
    4.75008e-10    4.87423e-10    5.02724e-10    5.20789e-10 
    5.41593e-10    5.65058e-10    5.92289e-10    6.22422e-10 
    6.51762e-10    6.83464e-10    7.28390e-10    7.96317e-10 
    8.89305e-10    9.97133e-10    1.11524e-09    1.24698e-09 
    1.39368e-09    1.55713e-09    1.73528e-09    1.93299e-09 
    2.15190e-09    2.40090e-09    2.66856e-09    2.96403e-09 
    3.29706e-09    3.68621e-09    4.13975e-09    4.63450e-09 
    5.19298e-09    5.89723e-09    6.72402e-09    7.68661e-09 
    8.73410e-09    1.01191e-08    1.18371e-08    1.34726e-08 
    1.57130e-08    1.81960e-08    2.09058e-08    2.49751e-08 
    2.81840e-08    3.27825e-08    3.79306e-08    4.34299e-08 
    4.93778e-08    5.69255e-08    6.37408e-08    7.07423e-08 
    8.30724e-08    9.19808e-08    1.04321e-07    1.14363e-07 
    1.24536e-07    1.31563e-07    1.46713e-07    1.61276e-07 
    1.68194e-07    1.74769e-07    1.82511e-07    1.86931e-07 
    1.91104e-07    1.92968e-07    1.90949e-07    1.87964e-07 
    1.83758e-07    1.77130e-07    1.63656e-07    1.61502e-07 
    1.48362e-07    1.37724e-07    1.20858e-07    1.07880e-07 
    9.69311e-08    8.29151e-08    7.15650e-08    6.26366e-08 
    5.42496e-08    4.75662e-08    4.16608e-08    3.69655e-08 
    3.26357e-08    2.88182e-08    2.54633e-08    2.25679e-08 
    2.00161e-08    1.78151e-08    1.59776e-08    1.43556e-08 
    1.30238e-08    1.18362e-08    1.08736e-08    1.00740e-08 
    9.38451e-09    8.79438e-09    8.30892e-09    7.97551e-09 
    7.71798e-09    7.58828e-09    7.55178e-09    7.54904e-09 
    7.73402e-09    7.92213e-09    8.30870e-09    8.79753e-09 
    9.42975e-09    1.00788e-08    1.08432e-08    1.16402e-08 
    1.28588e-08    1.38493e-08    1.53018e-08    1.63834e-08 
    1.82643e-08    1.92157e-08    2.06588e-08    2.20948e-08 
    2.37523e-08    2.52562e-08    2.65819e-08    2.70178e-08 
    2.85445e-08    2.88026e-08    2.89223e-08    2.89413e-08 
    2.85408e-08    2.74947e-08    2.59131e-08    2.54228e-08 
    2.31805e-08    2.17091e-08    1.97624e-08    1.78375e-08 
    1.51997e-08    1.28213e-08    1.14154e-08    9.72342e-09 
    8.51250e-09    7.55122e-09    6.67213e-09    5.92942e-09 
    5.27378e-09    4.64883e-09    4.16384e-09    3.70045e-09 
    3.28840e-09    2.94644e-09    2.63852e-09    2.33800e-09 
    2.11163e-09    1.89893e-09    1.69938e-09    1.52017e-09 
    1.35615e-09    1.21287e-09    1.08775e-09    9.75664e-10 
    8.79573e-10    7.95605e-10    7.24259e-10    6.63490e-10 
    6.12157e-10    5.68918e-10    5.32294e-10    5.02323e-10 
    4.78651e-10    4.60692e-10    4.48542e-10    4.42737e-10 
    4.43294e-10    4.50200e-10    4.63618e-10    4.84873e-10 
    5.13598e-10    5.50909e-10    5.97747e-10    6.55571e-10 
    7.27311e-10    8.12919e-10    9.10755e-10    1.03415e-09 
    1.17836e-09    1.31778e-09    1.53584e-09    1.73556e-09 
    1.96859e-09    2.23292e-09    2.60962e-09    2.98242e-09 
    3.38271e-09    3.76719e-09    4.26986e-09    4.88172e-09 
    5.54264e-09    6.15358e-09    6.87353e-09    7.66352e-09 
    8.40777e-09    9.37663e-09    1.03357e-08    1.13891e-08 
    1.25690e-08    1.35925e-08    1.44685e-08    1.55965e-08 
    1.66958e-08    1.77468e-08    1.82981e-08    1.88724e-08 
    1.92744e-08    1.99717e-08    1.96115e-08    1.97344e-08 
    1.98917e-08    1.93842e-08    1.89921e-08    1.82875e-08 
    1.74924e-08    1.67601e-08    1.57422e-08    1.49525e-08 
    1.29543e-08    1.23746e-08    1.07288e-08    9.44556e-09 
    8.09784e-09    7.14857e-09    6.16940e-09    5.37580e-09 
    4.58279e-09    4.04858e-09    3.53645e-09    3.10937e-09 
    2.74541e-09    2.41073e-09    2.12840e-09    1.88228e-09 
    1.67075e-09    1.48058e-09    1.33453e-09    1.19563e-09 
    1.07437e-09    9.68141e-10    8.77351e-10    7.99679e-10 
    7.34053e-10    6.79012e-10    6.34347e-10    6.00162e-10 
    5.74177e-10    5.54493e-10    5.68179e-10    5.49816e-10 
    5.62365e-10    5.84857e-10    6.19048e-10    6.58682e-10 
    6.87299e-10    7.83507e-10    8.59133e-10    9.17740e-10 
    1.04123e-09    1.13896e-09    1.26309e-09    1.37834e-09 
    1.47500e-09    1.61952e-09    1.72504e-09    1.87461e-09 
    1.94872e-09    2.02415e-09    2.05397e-09    2.18243e-09 
    2.20556e-09    2.16495e-09    2.12073e-09    1.97709e-09 
    1.99025e-09    1.99249e-09    1.90191e-09    1.76616e-09 
    1.63426e-09    1.38543e-09    1.24287e-09    1.05380e-09 
    9.03334e-10    7.79825e-10    6.81329e-10    5.99948e-10 
    5.30878e-10    4.72901e-10    4.23885e-10    3.82541e-10 
    3.47713e-10    3.19055e-10    2.95610e-10    2.77027e-10 
    2.63062e-10    2.53272e-10    2.47893e-10    2.46508e-10 
    2.49302e-10    2.56098e-10    2.67566e-10    2.83476e-10 
    3.04488e-10    3.30906e-10    3.62835e-10    4.01333e-10 
    4.47190e-10    5.00628e-10    5.63100e-10    6.35653e-10 
    7.19861e-10    8.16185e-10    9.27232e-10    1.05630e-09 
    1.20566e-09    1.38142e-09    1.59474e-09    1.83349e-09 
    2.09020e-09    2.47290e-09    2.86262e-09    3.18058e-09 
    3.62722e-09    4.13496e-09    4.84603e-09    5.46490e-09 
    6.36195e-09    7.25791e-09    8.25896e-09    9.33667e-09 
    1.10710e-08    1.25012e-08    1.42943e-08    1.60242e-08 
    1.88106e-08    2.09176e-08    2.42342e-08    2.77136e-08 
    3.04080e-08    3.52344e-08    3.86584e-08    4.31578e-08 
    4.59553e-08    5.07816e-08    5.33583e-08    5.55120e-08 
    5.80038e-08    5.92475e-08    6.06925e-08    6.16906e-08 
    6.13380e-08    6.08264e-08    5.85255e-08    5.83833e-08 
    5.44353e-08    5.15769e-08    4.91802e-08    4.32224e-08 
    3.82703e-08    3.30798e-08    2.97455e-08    2.57205e-08 
    2.27625e-08    1.99905e-08    1.76717e-08    1.54100e-08 
    1.35546e-08    1.18246e-08    1.04035e-08
*END
