*BEGIN_DATA 

     Start of table                =  0.000000e+00     cm-1 
     End of table                  =  1.998000e+04     cm-1 
     Increment in table            =  1.000000e+01     cm-1 
     Number of points in table     =  1999 

     Continuum coefficients (cm^3.molec-1 * 1.0E-20) 
    0.00000e+00    6.78048e-04    2.59286e-03    5.31390e-03 
    8.25188e-03    1.10094e-02    1.35438e-02    1.59209e-02 
    1.83320e-02    2.07391e-02    2.30224e-02    2.50614e-02 
    2.67509e-02    2.80453e-02    2.89224e-02    2.93880e-02 
    2.94699e-02    2.91948e-02    2.86135e-02    2.77752e-02 
    2.67271e-02    2.55192e-02    2.42026e-02    2.28162e-02 
    2.14058e-02    2.00005e-02    1.86351e-02    1.73081e-02 
    1.60561e-02    1.48734e-02    1.37703e-02    1.27478e-02 
    1.18043e-02    1.09330e-02    1.01350e-02    9.39923e-03 
    8.72523e-03    8.10368e-03    7.52846e-03    6.99825e-03 
    6.50928e-03    6.05230e-03    5.62764e-03    5.23114e-03 
    4.86369e-03    4.51833e-03    4.19356e-03    3.89450e-03 
    3.61048e-03    3.34645e-03    3.10014e-03    2.86947e-03 
    2.65476e-03    2.45387e-03    2.26732e-03    2.09311e-03 
    1.93124e-03    1.78101e-03    1.64099e-03    1.51153e-03 
    1.39130e-03    1.28037e-03    1.17704e-03    1.08219e-03 
    9.93840e-04    9.12697e-04    8.40650e-04    7.77840e-04 
    7.23447e-04    6.76798e-04    6.36221e-04    5.99716e-04 
    5.62758e-04    5.29970e-04    4.98704e-04    4.66277e-04 
    4.34049e-04    4.07212e-04    3.85709e-04    3.62849e-04 
    3.46543e-04    3.30271e-04    3.15019e-04    3.00164e-04 
    2.87374e-04    2.76296e-04    2.64974e-04    2.54412e-04 
    2.43802e-04    2.33142e-04    2.22806e-04    2.11886e-04 
    1.99227e-04    1.88090e-04    1.77493e-04    1.68186e-04 
    1.59151e-04    1.50192e-04    1.43207e-04    1.35147e-04 
    1.28110e-04    1.21777e-04    1.16447e-04    1.11638e-04 
    1.06844e-04    1.02737e-04    9.87956e-05    9.52793e-05 
    9.20196e-05    8.91705e-05    8.67860e-05    8.40775e-05 
    8.22197e-05    7.99334e-05    7.84978e-05    7.77935e-05 
    7.73515e-05    7.76773e-05    7.85624e-05    7.95545e-05 
    8.17285e-05    8.54918e-05    9.07076e-05    9.51382e-05 
    1.01678e-04    1.12131e-04    1.27521e-04    1.48336e-04 
    1.73017e-04    2.00120e-04    2.29538e-04    2.65612e-04 
    3.12035e-04    3.57749e-04    4.12509e-04    4.82994e-04 
    5.45799e-04    6.41602e-04    7.36936e-04    8.40765e-04 
    1.00092e-03    1.10787e-03    1.36876e-03    1.46475e-03 
    1.69990e-03    1.89719e-03    2.23952e-03    2.43578e-03 
    2.84252e-03    3.16295e-03    3.55920e-03    4.03124e-03 
    4.25405e-03    4.76474e-03    5.06828e-03    5.37841e-03 
    5.67537e-03    5.88219e-03    5.98318e-03    5.99958e-03 
    6.02819e-03    6.03938e-03    6.09452e-03    6.07346e-03 
    6.02603e-03    5.83090e-03    5.80319e-03    5.62788e-03 
    5.25476e-03    4.98241e-03    4.62508e-03    4.34669e-03 
    4.05967e-03    3.54421e-03    3.29618e-03    2.88776e-03 
    2.57588e-03    2.26199e-03    2.03481e-03    1.76819e-03 
    1.62456e-03    1.39874e-03    1.24591e-03    1.09291e-03 
    9.71063e-04    8.88316e-04    7.75353e-04    7.24163e-04 
    6.09183e-04    5.60901e-04    4.82366e-04    4.28169e-04 
    3.87635e-04    3.41941e-04    3.00111e-04    2.71170e-04 
    2.38852e-04    2.14852e-04    1.88854e-04    1.67172e-04 
    1.50891e-04    1.39291e-04    1.28298e-04    1.15086e-04 
    1.02675e-04    9.01559e-05    8.05371e-05    7.09941e-05 
    6.30222e-05    5.54402e-05    4.93837e-05    4.34732e-05 
    3.88513e-05    3.47460e-05    3.25247e-05    3.03441e-05 
    2.83952e-05    2.66602e-05    2.50359e-05    2.35882e-05 
    2.22552e-05    2.10496e-05    1.99492e-05    1.89297e-05 
    1.80009e-05    1.71488e-05    1.63724e-05    1.56461e-05 
    1.49841e-05    1.43694e-05    1.38095e-05    1.32893e-05 
    1.28094e-05    1.23659e-05    1.19569e-05    1.15785e-05 
    1.12287e-05    1.09057e-05    1.06051e-05    1.03273e-05 
    1.00703e-05    9.83192e-06    9.61253e-06    9.40762e-06 
    9.21739e-06    9.03965e-06    8.87699e-06    8.72477e-06 
    8.58557e-06    8.45469e-06    8.33471e-06    8.22576e-06 
    8.12307e-06    8.03166e-06    7.94672e-06    7.87084e-06 
    7.80412e-06    7.74669e-06    7.69866e-06    7.65762e-06 
    7.63128e-06    7.62237e-06    7.62084e-06    7.65250e-06 
    7.71256e-06    7.80912e-06    7.94778e-06    8.12119e-06 
    8.27996e-06    8.37658e-06    8.38133e-06    8.32232e-06 
    8.23871e-06    8.17828e-06    8.06362e-06    7.94253e-06 
    7.86081e-06    7.80807e-06    7.78192e-06    7.79355e-06 
    7.80232e-06    7.84667e-06    7.91042e-06    7.98826e-06 
    8.08866e-06    8.21185e-06    8.35807e-06    8.53316e-06 
    8.74023e-06    8.99655e-06    9.28561e-06    9.62765e-06 
    1.00203e-05    1.04413e-05    1.10861e-05    1.17668e-05 
    1.25415e-05    1.34780e-05    1.45952e-05    1.60557e-05 
    1.74552e-05    1.86931e-05    2.10045e-05    2.22053e-05 
    2.55916e-05    2.78728e-05    2.99680e-05    3.27065e-05 
    3.53417e-05    3.71477e-05    3.90253e-05    4.05494e-05 
    4.21741e-05    4.22175e-05    4.26592e-05    4.22717e-05 
    4.18191e-05    4.13627e-05    4.17419e-05    4.12496e-05 
    4.21921e-05    4.24494e-05    4.28649e-05    4.24298e-05 
    4.20861e-05    4.24384e-05    4.22822e-05    4.23479e-05 
    4.35674e-05    4.41826e-05    4.56393e-05    4.72981e-05 
    4.95178e-05    5.26938e-05    5.66389e-05    6.09995e-05 
    6.67973e-05    7.46048e-05    8.19950e-05    9.13162e-05 
    1.03117e-04    1.15519e-04    1.28092e-04    1.46770e-04 
    1.65186e-04    1.90552e-04    2.13424e-04    2.43140e-04 
    2.74045e-04    3.15629e-04    3.58165e-04    4.15794e-04 
    4.67897e-04    5.41335e-04    6.14490e-04    7.00888e-04 
    7.93677e-04    9.36176e-04    1.04762e-03    1.22388e-03 
    1.37085e-03    1.58742e-03    1.83100e-03    2.14118e-03 
    2.25559e-03    2.59748e-03    2.83426e-03    2.99445e-03 
    3.46408e-03    3.76527e-03    3.98522e-03    4.26432e-03 
    4.52306e-03    4.67740e-03    4.84712e-03    5.13131e-03 
    5.12662e-03    5.11077e-03    5.03566e-03    4.86747e-03 
    4.60918e-03    4.57290e-03    4.28622e-03    4.06534e-03 
    3.82074e-03    3.34527e-03    3.13740e-03    2.75820e-03 
    2.44678e-03    2.13866e-03    1.92307e-03    1.67386e-03 
    1.44136e-03    1.26374e-03    1.09212e-03    9.59383e-04 
    8.39118e-04    7.35307e-04    6.45354e-04    5.66640e-04 
    5.01207e-04    4.43669e-04    3.93304e-04    3.48040e-04 
    3.08154e-04    2.74003e-04    2.42696e-04    2.15965e-04 
    1.92369e-04    1.71014e-04    1.51797e-04    1.35416e-04 
    1.20202e-04    1.06930e-04    9.53737e-05    8.47741e-05 
    7.55454e-05    6.71272e-05    5.97300e-05    5.31976e-05 
    4.74133e-05    4.23003e-05    3.77070e-05    3.36207e-05 
    3.00285e-05    2.66598e-05    2.38413e-05    2.17897e-05 
    2.04560e-05    1.95646e-05    1.86730e-05    1.77054e-05 
    1.67964e-05    1.59550e-05    1.51647e-05    1.44344e-05 
    1.37516e-05    1.31126e-05    1.25176e-05    1.19626e-05 
    1.14437e-05    1.09611e-05    1.05107e-05    1.00842e-05 
    9.69037e-06    9.32075e-06    8.97117e-06    8.65050e-06 
    8.34583e-06    8.06166e-06    7.79812e-06    7.55097e-06 
    7.32031e-06    7.10627e-06    6.90897e-06    6.73296e-06 
    6.56057e-06    6.40969e-06    6.28494e-06    6.17754e-06 
    6.08759e-06    6.00169e-06    5.90634e-06    5.80147e-06 
    5.69608e-06    5.57656e-06    5.42914e-06    5.29016e-06 
    5.18714e-06    5.10654e-06    5.04393e-06    4.97640e-06 
    4.91777e-06    4.87733e-06    4.84132e-06    4.80975e-06 
    4.79196e-06    4.78338e-06    4.78873e-06    4.79875e-06 
    4.82284e-06    4.85640e-06    4.90418e-06    4.95212e-06 
    5.01441e-06    5.09588e-06    5.19189e-06    5.30253e-06 
    5.43266e-06    5.57283e-06    5.74228e-06    5.94595e-06 
    6.16484e-06    6.34120e-06    6.54237e-06    6.94750e-06 
    7.69841e-06    8.77775e-06    1.00269e-05    1.13980e-05 
    1.29260e-05    1.46706e-05    1.66478e-05    1.88933e-05 
    2.14924e-05    2.43583e-05    2.77300e-05    3.15311e-05 
    3.59576e-05    4.09436e-05    4.69110e-05    5.34908e-05 
    6.16523e-05    7.02966e-05    8.03807e-05    9.16109e-05 
    1.07322e-04    1.20567e-04    1.40799e-04    1.64456e-04 
    1.85661e-04    2.20136e-04    2.42191e-04    2.71997e-04 
    3.03144e-04    3.42823e-04    3.65068e-04    4.11193e-04 
    4.30500e-04    4.51945e-04    4.88543e-04    5.16504e-04 
    5.33492e-04    5.49602e-04    5.71510e-04    5.72581e-04 
    5.69460e-04    5.54252e-04    5.39509e-04    5.11800e-04 
    4.88313e-04    4.46916e-04    4.21572e-04    3.85730e-04 
    3.34706e-04    3.19767e-04    2.66828e-04    2.45450e-04 
    2.13334e-04    1.86679e-04    1.64388e-04    1.43629e-04 
    1.23712e-04    1.07829e-04    9.45957e-05    8.22900e-05 
    7.25479e-05    6.34234e-05    5.60655e-05    4.92108e-05 
    4.35463e-05    3.84644e-05    3.40123e-05    3.02154e-05 
    2.67852e-05    2.37292e-05    2.10162e-05    1.87313e-05 
    1.66659e-05    1.47877e-05    1.31813e-05    1.17366e-05 
    1.04043e-05    9.26875e-06    8.24143e-06    7.35658e-06 
    6.54180e-06    5.82002e-06    5.19625e-06    4.62971e-06 
    4.13488e-06    3.70021e-06    3.29189e-06    2.94198e-06 
    2.63252e-06    2.34199e-06    2.09283e-06    1.89273e-06 
    1.75400e-06    1.64415e-06    1.54718e-06    1.44814e-06 
    1.35743e-06    1.27163e-06    1.19191e-06    1.11715e-06 
    1.04796e-06    9.83786e-07    9.23479e-07    8.67063e-07 
    8.14558e-07    7.65986e-07    7.21366e-07    6.78362e-07 
    6.39343e-07    6.03149e-07    5.69674e-07    5.38695e-07 
    5.09573e-07    4.80947e-07    4.54550e-07    4.28541e-07 
    4.04419e-07    3.81653e-07    3.60311e-07    3.40942e-07 
    3.23374e-07    3.07375e-07    2.92652e-07    2.78787e-07 
    2.66027e-07    2.54438e-07    2.43844e-07    2.34189e-07 
    2.25538e-07    2.17958e-07    2.11087e-07    2.05358e-07 
    2.00591e-07    1.96422e-07    1.92793e-07    1.90633e-07 
    1.89020e-07    1.88020e-07    1.88007e-07    1.88986e-07 
    1.90962e-07    1.94002e-07    1.98048e-07    2.03167e-07 
    2.09365e-07    2.17210e-07    2.26209e-07    2.36491e-07 
    2.48377e-07    2.62380e-07    2.77751e-07    2.95761e-07 
    3.15598e-07    3.38477e-07    3.63903e-07    3.92459e-07 
    4.25944e-07    4.60424e-07    5.02486e-07    5.51845e-07 
    6.07892e-07    6.62695e-07    7.29946e-07    8.14144e-07 
    9.00530e-07    1.01237e-06    1.12584e-06    1.28112e-06 
    1.42777e-06    1.66586e-06    1.91052e-06    2.20740e-06 
    2.60702e-06    3.15691e-06    3.74183e-06    4.51014e-06 
    5.34313e-06    6.43248e-06    7.45719e-06    8.86690e-06 
    1.02015e-05    1.20428e-05    1.46252e-05    1.66510e-05 
    1.89684e-05    2.01412e-05    2.18505e-05    2.31910e-05 
    2.46890e-05    2.63119e-05    2.75169e-05    2.83360e-05 
    2.98499e-05    3.06071e-05    3.22229e-05    3.24992e-05 
    3.39395e-05    3.31825e-05    3.44242e-05    3.44602e-05 
    3.51765e-05    3.49545e-05    3.58165e-05    3.83752e-05 
    3.99968e-05    4.27466e-05    4.59432e-05    5.08321e-05 
    5.55490e-05    6.30491e-05    6.96249e-05    7.71174e-05 
    8.74680e-05    9.97185e-05    1.14085e-04    1.28978e-04 
    1.49410e-04    1.61467e-04    1.89329e-04    2.01404e-04 
    2.09244e-04    2.44506e-04    2.51303e-04    2.83417e-04 
    2.99786e-04    3.20145e-04    3.41548e-04    3.41031e-04 
    3.54736e-04    3.72162e-04    3.74449e-04    3.77025e-04 
    3.72421e-04    3.64168e-04    3.66309e-04    3.39232e-04 
    3.17231e-04    2.94380e-04    2.58625e-04    2.33618e-04 
    1.96457e-04    1.70648e-04    1.38637e-04    1.12533e-04 
    9.55440e-05    7.66254e-05    6.17529e-05    4.94616e-05 
    3.94931e-05    3.16603e-05    2.55926e-05    2.08301e-05 
    1.71367e-05    1.42680e-05    1.20879e-05    1.03424e-05 
    9.05518e-06    8.08102e-06    7.27078e-06    6.56685e-06 
    6.01102e-06    5.48181e-06    5.04454e-06    4.62686e-06 
    4.25486e-06    3.91757e-06    3.62332e-06    3.34245e-06 
    3.11311e-06    2.87193e-06    2.67504e-06    2.47688e-06 
    2.30070e-06    2.14285e-06    1.98233e-06    1.84474e-06 
    1.71659e-06    1.59718e-06    1.48653e-06    1.38619e-06 
    1.29468e-06    1.20826e-06    1.12845e-06    1.05528e-06 
    9.86501e-07    9.22882e-07    8.64446e-07    8.08155e-07 
    7.58689e-07    7.10706e-07    6.66824e-07    6.25904e-07 
    5.87420e-07    5.51998e-07    5.18492e-07    4.87450e-07 
    4.58806e-07    4.31560e-07    4.06805e-07    3.83463e-07 
    3.61616e-07    3.41428e-07    3.22669e-07    3.05268e-07 
    2.89073e-07    2.74012e-07    2.60323e-07    2.47697e-07 
    2.36218e-07    2.25654e-07    2.16245e-07    2.08074e-07 
    2.00987e-07    1.95226e-07    1.90401e-07    1.87782e-07 
    1.86030e-07    1.86736e-07    1.88636e-07    1.98427e-07 
    2.02179e-07    2.17998e-07    2.45209e-07    2.65921e-07 
    2.90930e-07    3.24586e-07    3.63465e-07    4.00668e-07 
    4.52055e-07    4.87921e-07    5.27830e-07    5.57083e-07 
    6.15134e-07    6.63925e-07    7.14374e-07    7.67541e-07 
    7.92454e-07    8.21495e-07    8.29002e-07    8.47951e-07 
    8.66943e-07    8.80251e-07    8.89493e-07    9.11055e-07 
    9.37593e-07    9.53504e-07    9.66160e-07    9.72251e-07 
    9.79179e-07    9.86120e-07    9.85633e-07    1.01329e-06 
    1.03189e-06    1.03394e-06    1.09497e-06    1.14533e-06 
    1.22496e-06    1.31894e-06    1.42983e-06    1.54850e-06 
    1.72600e-06    1.90141e-06    2.15269e-06    2.42722e-06 
    2.74358e-06    3.15070e-06    3.61101e-06    4.14575e-06 
    4.74844e-06    5.35673e-06    6.17295e-06    7.04104e-06 
    7.90602e-06    9.26645e-06    1.05696e-05    1.14756e-05 
    1.23496e-05    1.38229e-05    1.57693e-05    1.65656e-05 
    1.74664e-05    1.86778e-05    1.97203e-05    2.09026e-05 
    2.09780e-05    2.12171e-05    2.25084e-05    2.25857e-05 
    2.23089e-05    2.12182e-05    2.07919e-05    2.03646e-05 
    1.91204e-05    1.79515e-05    1.68669e-05    1.55012e-05 
    1.35832e-05    1.21408e-05    1.05117e-05    9.16755e-06 
    8.28803e-06    7.28204e-06    6.35366e-06    5.55059e-06 
    4.85568e-06    4.26841e-06    3.77504e-06    3.35029e-06 
    2.98379e-06    2.65008e-06    2.37141e-06    2.12759e-06 
    1.89386e-06    1.69161e-06    1.51647e-06    1.35609e-06 
    1.20336e-06    1.07440e-06    9.55870e-07    8.41370e-07 
    7.58849e-07    6.69512e-07    5.99270e-07    5.32557e-07 
    4.73609e-07    4.24074e-07    3.75962e-07    3.39292e-07 
    2.96943e-07    2.64807e-07    2.36131e-07    2.09749e-07 
    1.85213e-07    1.67435e-07    1.49072e-07    1.33763e-07 
    1.19332e-07    1.07240e-07    9.57615e-08    8.56928e-08 
    7.74137e-08    6.97486e-08    6.25070e-08    5.61584e-08 
    5.10640e-08    4.73843e-08    4.44884e-08    4.18996e-08 
    3.93698e-08    3.70285e-08    3.48579e-08    3.28214e-08 
    3.09474e-08    2.92084e-08    2.75864e-08    2.60725e-08 
    2.46763e-08    2.33702e-08    2.21639e-08    2.10484e-08 
    2.00146e-08    1.90627e-08    1.81931e-08    1.73873e-08 
    1.66641e-08    1.59958e-08    1.54201e-08    1.49279e-08 
    1.44723e-08    1.40912e-08    1.38414e-08    1.36667e-08 
    1.36241e-08    1.36287e-08    1.37944e-08    1.38656e-08 
    1.40509e-08    1.43982e-08    1.46414e-08    1.51520e-08 
    1.57590e-08    1.67110e-08    1.73112e-08    1.79891e-08 
    1.85151e-08    1.94353e-08    1.99446e-08    2.08488e-08 
    2.16298e-08    2.23642e-08    2.32061e-08    2.37409e-08 
    2.44892e-08    2.49490e-08    2.53032e-08    2.63555e-08 
    2.69735e-08    2.78160e-08    2.85435e-08    2.87667e-08 
    2.93116e-08    3.07442e-08    3.15749e-08    3.50435e-08 
    3.75123e-08    3.99468e-08    4.26408e-08    4.65164e-08 
    5.05174e-08    5.54791e-08    6.09029e-08    6.64161e-08 
    7.45411e-08    8.30469e-08    9.30601e-08    1.02965e-07 
    1.15233e-07    1.32772e-07    1.50445e-07    1.67260e-07 
    2.02181e-07    2.34785e-07    2.79690e-07    3.28269e-07 
    4.05754e-07    4.68522e-07    6.14520e-07    7.57103e-07 
    9.56512e-07    1.13707e-06    1.28259e-06    1.36916e-06 
    1.44283e-06    1.54883e-06    1.68323e-06    1.80679e-06 
    1.92252e-06    2.05564e-06    2.16678e-06    2.31859e-06 
    2.40082e-06    2.52679e-06    2.64387e-06    2.74797e-06 
    2.91325e-06    3.08902e-06    3.19384e-06    3.47112e-06 
    3.73976e-06    3.91901e-06    4.32353e-06    4.85877e-06 
    5.44931e-06    5.90871e-06    6.85235e-06    7.41256e-06 
    7.93372e-06    9.21952e-06    9.70318e-06    1.06827e-05 
    1.14360e-05    1.22836e-05    1.28846e-05    1.39526e-05 
    1.35721e-05    1.41137e-05    1.41582e-05    1.41611e-05 
    1.39665e-05    1.34591e-05    1.30654e-05    1.28795e-05 
    1.20878e-05    1.15663e-05    1.04173e-05    9.43260e-06 
    8.28781e-06    7.25310e-06    6.65312e-06    5.84607e-06 
    5.07643e-06    4.41903e-06    3.89316e-06    3.45489e-06 
    3.09180e-06    2.78192e-06    2.52857e-06    2.32027e-06 
    2.14123e-06    2.00429e-06    1.88089e-06    1.77106e-06 
    1.70463e-06    1.64660e-06    1.63745e-06    1.59097e-06 
    1.61698e-06    1.58000e-06    1.55044e-06    1.61928e-06 
    1.60148e-06    1.63939e-06    1.67952e-06    1.67998e-06 
    1.66968e-06    1.68841e-06    1.70610e-06    1.69256e-06 
    1.65956e-06    1.65351e-06    1.45502e-06    1.29729e-06 
    1.13060e-06    9.63828e-07    7.67679e-07    6.38933e-07 
    5.47669e-07    4.49168e-07    3.98833e-07    3.26175e-07 
    2.86000e-07    2.43678e-07    2.05869e-07    1.71602e-07 
    1.47563e-07    1.25343e-07    1.10650e-07    9.69520e-08 
    8.68654e-08    7.78383e-08    7.16894e-08    6.41415e-08 
    5.85647e-08    5.38827e-08    4.92365e-08    4.52563e-08 
    4.13133e-08    3.82934e-08    3.55230e-08    3.28586e-08 
    3.03450e-08    2.81380e-08    2.61495e-08    2.43468e-08 
    2.26634e-08    2.10662e-08    1.96894e-08    1.84108e-08 
    1.72305e-08    1.61488e-08    1.51772e-08    1.42824e-08 
    1.34421e-08    1.27239e-08    1.20380e-08    1.14185e-08 
    1.08632e-08    1.03621e-08    9.91546e-09    9.52217e-09 
    9.18015e-09    8.88729e-09    8.62560e-09    8.47446e-09 
    8.33438e-09    8.20199e-09    8.28515e-09    8.34229e-09 
    8.63275e-09    8.76883e-09    8.98719e-09    9.70779e-09 
    1.03440e-08    1.13412e-08    1.23846e-08    1.42036e-08 
    1.68274e-08    1.99029e-08    2.25590e-08    2.44846e-08 
    2.62066e-08    2.84492e-08    3.12942e-08    3.36715e-08 
    3.60759e-08    3.87960e-08    4.20636e-08    4.52096e-08 
    4.85575e-08    5.21310e-08    5.71711e-08    6.10014e-08 
    6.68237e-08    7.26673e-08    7.75087e-08    8.54896e-08 
    9.30293e-08    1.03508e-07    1.17284e-07    1.30581e-07 
    1.46237e-07    1.67067e-07    1.88517e-07    2.21253e-07 
    2.43605e-07    2.73624e-07    3.23194e-07    3.59913e-07 
    4.14462e-07    4.48137e-07    4.92829e-07    5.39718e-07 
    6.10062e-07    6.65751e-07    7.10414e-07    7.69472e-07 
    8.08963e-07    8.54919e-07    8.61675e-07    9.13924e-07 
    9.30840e-07    9.27680e-07    9.10824e-07    8.70228e-07 
    8.52579e-07    8.32632e-07    7.88644e-07    7.42193e-07 
    6.80710e-07    6.50376e-07    5.70862e-07    5.02370e-07 
    4.36886e-07    3.84749e-07    3.42384e-07    3.01996e-07 
    2.64190e-07    2.34517e-07    2.11068e-07    1.89149e-07 
    1.72269e-07    1.57416e-07    1.44838e-07    1.34299e-07 
    1.25438e-07    1.17886e-07    1.11766e-07    1.08818e-07 
    1.04298e-07    1.00536e-07    9.88513e-08    9.73462e-08 
    9.60581e-08    9.44992e-08    9.48314e-08    9.21562e-08 
    9.08471e-08    9.15320e-08    8.93989e-08    8.85134e-08 
    8.87926e-08    8.77207e-08    8.71143e-08    7.91727e-08 
    6.87800e-08    6.18094e-08    4.87960e-08    4.11935e-08 
    3.14415e-08    2.64713e-08    2.17902e-08    2.08663e-08 
    1.86767e-08    1.53923e-08    1.34183e-08    1.20189e-08 
    9.90118e-09    8.62244e-09    7.20969e-09    6.31686e-09 
    5.55232e-09    4.95507e-09    4.43558e-09    4.03527e-09 
    3.67687e-09    3.35797e-09    3.09620e-09    2.85660e-09 
    2.64297e-09    2.44910e-09    2.27629e-09    2.11579e-09 
    1.96763e-09    1.83687e-09    1.71852e-09    1.61260e-09 
    1.51535e-09    1.42679e-09    1.34822e-09    1.27458e-09 
    1.20907e-09    1.15042e-09    1.09815e-09    1.05189e-09 
    1.01115e-09    9.75816e-10    9.45643e-10    9.20389e-10 
    8.99938e-10    8.84429e-10    8.73491e-10    8.67389e-10 
    8.66135e-10    8.69740e-10    8.78215e-10    8.91827e-10 
    9.10717e-10    9.35152e-10    9.65403e-10    1.00187e-09 
    1.04482e-09    1.09466e-09    1.15230e-09    1.21828e-09 
    1.29403e-09    1.38151e-09    1.48334e-09    1.59309e-09 
    1.71723e-09    1.86616e-09    1.98939e-09    2.14653e-09 
    2.35453e-09    2.62389e-09    2.99894e-09    3.41098e-09 
    3.85619e-09    4.38935e-09    4.97937e-09    5.64856e-09 
    6.44018e-09    7.30355e-09    8.32252e-09    9.53277e-09 
    1.07867e-08    1.23820e-08    1.41397e-08    1.61323e-08 
    1.86139e-08    2.12175e-08    2.42459e-08    2.77396e-08 
    3.16996e-08    3.59687e-08    4.21574e-08    4.74704e-08 
    5.48791e-08    6.26294e-08    7.15953e-08    8.06274e-08 
    8.97125e-08    1.02007e-07    1.13418e-07    1.27793e-07 
    1.39173e-07    1.54440e-07    1.72525e-07    1.89703e-07 
    2.10106e-07    2.32007e-07    2.52738e-07    2.77908e-07 
    3.12340e-07    3.48428e-07    3.69571e-07    4.02135e-07 
    4.51240e-07    4.76395e-07    5.23074e-07    5.62159e-07 
    6.20533e-07    6.52208e-07    6.82582e-07    7.31464e-07 
    7.47371e-07    7.91510e-07    8.10048e-07    8.10634e-07 
    8.19878e-07    8.04632e-07    7.93156e-07    7.67429e-07 
    7.49261e-07    7.29573e-07    6.71136e-07    6.37358e-07 
    5.67341e-07    5.32758e-07    4.66378e-07    4.08629e-07 
    3.54481e-07    3.07628e-07    2.65900e-07    2.33820e-07 
    2.06210e-07    1.82942e-07    1.63066e-07    1.46453e-07 
    1.32052e-07    1.20460e-07    1.10033e-07    1.02039e-07 
    9.47354e-08    8.92803e-08    8.49199e-08    8.16703e-08 
    7.84988e-08    7.80848e-08    7.79052e-08    7.88454e-08 
    8.00083e-08    8.13528e-08    8.68708e-08    8.81664e-08 
    9.05602e-08    9.91239e-08    1.03419e-07    1.11600e-07 
    1.18095e-07    1.27342e-07    1.32909e-07    1.35527e-07 
    1.42084e-07    1.45535e-07    1.47314e-07    1.52732e-07 
    1.52979e-07    1.50145e-07    1.46605e-07    1.30199e-07 
    1.13027e-07    9.38214e-08    7.91291e-08    6.93810e-08 
    4.90917e-08    4.68159e-08    3.98296e-08    3.42580e-08 
    2.89469e-08    2.37130e-08    1.99418e-08    1.75371e-08 
    1.55396e-08    1.36922e-08    1.20875e-08    1.11300e-08 
    1.00733e-08    8.68706e-09    7.45524e-09    6.42934e-09 
    5.77629e-09    5.38722e-09    4.99048e-09    4.66449e-09 
    4.21819e-09    3.76413e-09    3.52093e-09    3.13153e-09 
    2.84177e-09    2.56450e-09    2.34702e-09    2.13785e-09 
    1.98434e-09    1.82489e-09    1.67527e-09    1.55564e-09 
    1.44160e-09    1.34137e-09    1.25296e-09    1.17596e-09 
    1.10765e-09    1.04690e-09    9.93008e-10    9.45253e-10 
    9.03075e-10    8.66339e-10    8.34768e-10    8.08081e-10 
    7.86289e-10    7.69256e-10    7.56993e-10    7.49509e-10 
    7.47250e-10    7.50372e-10    7.59322e-10    7.74259e-10 
    7.95777e-10    8.29727e-10    8.69271e-10    9.18219e-10 
    1.00247e-09    1.07557e-09    1.17218e-09    1.31230e-09 
    1.51154e-09    1.71647e-09    1.97452e-09    2.38422e-09 
    2.93852e-09    3.68773e-09    4.42174e-09    4.97556e-09 
    5.43577e-09    6.07357e-09    6.74321e-09    7.42112e-09 
    8.36444e-09    9.21437e-09    1.01823e-08    1.18401e-08 
    1.26332e-08    1.43733e-08    1.64095e-08    1.81425e-08 
    2.01304e-08    2.26708e-08    2.64047e-08    2.86400e-08 
    3.24870e-08    3.54595e-08    3.97037e-08    4.33863e-08 
    4.71036e-08    5.03026e-08    5.35207e-08    5.77306e-08 
    6.05834e-08    6.28704e-08    6.24616e-08    6.68682e-08 
    6.70469e-08    6.61591e-08    6.51950e-08    6.24246e-08 
    6.14566e-08    5.88909e-08    5.61108e-08    5.29952e-08 
    4.98453e-08    4.29917e-08    3.84713e-08    3.37182e-08 
    3.01693e-08    2.62373e-08    2.25426e-08    1.96617e-08 
    1.73535e-08    1.52396e-08    1.32764e-08    1.20493e-08 
    1.06975e-08    9.62234e-09    8.76206e-09    7.99971e-09 
    7.39495e-09    6.86874e-09    6.54338e-09    6.15343e-09 
    5.96017e-09    5.84926e-09    5.75657e-09    5.82610e-09 
    5.88346e-09    5.89641e-09    6.51244e-09    6.72849e-09 
    7.04006e-09    7.45196e-09    8.01360e-09    8.28809e-09 
    9.06816e-09    9.81992e-09    1.03906e-08    1.10624e-08 
    1.14508e-08    1.20947e-08    1.24271e-08    1.25634e-08 
    1.26239e-08    1.23639e-08    1.20648e-08    1.07027e-08 
    9.35915e-09    7.61007e-09    6.02662e-09    4.77083e-09 
    3.94137e-09    3.51100e-09    3.20317e-09    2.44598e-09 
    2.18076e-09    1.79347e-09    1.44458e-09    1.20433e-09 
    1.00648e-09    8.62833e-10    7.48757e-10    6.58352e-10 
    5.83355e-10    5.23323e-10    4.73262e-10    4.30992e-10 
    3.94798e-10    3.63591e-10    3.36436e-10    3.12869e-10 
    2.92266e-10    2.74474e-10    2.59027e-10    2.45771e-10 
    2.34235e-10    2.24739e-10    2.16655e-10    2.10301e-10 
    2.05364e-10    2.01846e-10    1.99593e-10    1.98764e-10 
    1.99204e-10    2.01074e-10    2.04058e-10    2.08636e-10 
    2.14493e-10    2.21789e-10    2.30688e-10    2.41032e-10 
    2.53143e-10    2.66865e-10    2.82679e-10    3.00431e-10 
    3.18204e-10    3.37598e-10    3.64060e-10    4.03049e-10 
    4.55871e-10    5.18220e-10    5.87546e-10    6.66912e-10 
    7.57943e-10    8.61786e-10    9.80395e-10    1.11557e-09 
    1.26959e-09    1.44507e-09    1.64495e-09    1.87509e-09 
    2.13780e-09    2.43960e-09    2.78056e-09    3.17855e-09 
    3.62072e-09    4.14602e-09    4.74325e-09    5.46605e-09 
    6.23353e-09    7.19025e-09    8.34792e-09    9.42409e-09 
    1.08919e-08    1.24102e-08    1.40802e-08    1.66516e-08 
    1.85201e-08    2.12065e-08    2.41735e-08    2.73075e-08 
    3.05759e-08    3.47639e-08    3.85642e-08    4.22871e-08 
    4.90941e-08    5.39095e-08    6.07152e-08    6.58386e-08 
    7.09188e-08    7.43784e-08    8.22151e-08    8.96169e-08 
    9.23530e-08    9.48617e-08    9.82962e-08    1.00234e-07 
    1.02405e-07    1.03605e-07    1.02775e-07    1.01430e-07 
    9.92248e-08    9.62057e-08    8.92920e-08    8.86323e-08 
    8.20043e-08    7.67782e-08    6.83262e-08    6.16411e-08 
    5.60280e-08    4.85962e-08    4.24198e-08    3.71516e-08 
    3.21270e-08    2.79797e-08    2.43445e-08    2.15058e-08 
    1.88641e-08    1.66251e-08    1.46460e-08    1.29772e-08 
    1.15457e-08    1.03135e-08    9.25575e-09    8.31073e-09 
    7.52897e-09    6.83356e-09    6.25991e-09    5.77631e-09 
    5.38797e-09    5.05637e-09    4.79338e-09    4.65807e-09 
    4.52934e-09    4.49151e-09    4.50423e-09    4.55073e-09 
    4.70537e-09    4.83483e-09    5.08788e-09    5.37675e-09 
    5.73704e-09    6.07573e-09    6.47243e-09    6.87467e-09 
    7.49456e-09    7.98442e-09    8.72626e-09    9.28028e-09 
    1.02975e-08    1.07765e-08    1.15318e-08    1.22982e-08 
    1.31542e-08    1.38678e-08    1.44901e-08    1.46401e-08 
    1.53934e-08    1.54142e-08    1.53922e-08    1.53326e-08 
    1.51341e-08    1.46990e-08    1.39925e-08    1.38907e-08 
    1.28242e-08    1.22064e-08    1.12700e-08    1.03051e-08 
    8.89692e-09    7.61453e-09    6.80427e-09    5.75529e-09 
    5.00339e-09    4.38347e-09    3.82325e-09    3.35912e-09 
    2.96530e-09    2.59870e-09    2.31645e-09    2.05119e-09 
    1.81854e-09    1.61785e-09    1.44035e-09    1.26854e-09 
    1.13698e-09    1.01361e-09    8.99834e-10    7.99839e-10 
    7.10865e-10    6.33453e-10    5.65534e-10    5.06077e-10 
    4.54051e-10    4.08421e-10    3.68675e-10    3.34299e-10 
    3.04777e-10    2.79419e-10    2.58231e-10    2.40520e-10 
    2.26467e-10    2.15553e-10    2.07783e-10    2.03162e-10 
    2.01344e-10    2.02685e-10    2.06840e-10    2.14340e-10 
    2.25191e-10    2.39398e-10    2.57672e-10    2.80372e-10 
    3.08563e-10    3.42253e-10    3.80571e-10    4.29174e-10 
    4.85606e-10    5.39625e-10    6.25016e-10    7.02182e-10 
    7.91829e-10    8.93271e-10    1.03897e-09    1.18217e-09 
    1.33511e-09    1.48147e-09    1.67242e-09    1.90588e-09 
    2.15775e-09    2.39031e-09    2.66409e-09    2.96489e-09 
    3.24819e-09    3.61921e-09    3.98527e-09    4.38745e-09 
    4.84010e-09    5.23424e-09    5.57157e-09    6.00591e-09 
    6.43177e-09    6.84017e-09    7.05542e-09    7.28346e-09 
    7.44535e-09    7.71872e-09    7.58639e-09    7.64085e-09 
    7.70975e-09    7.51600e-09    7.37066e-09    7.10086e-09 
    6.79832e-09    6.51708e-09    6.12368e-09    5.81649e-09 
    5.04116e-09    4.81618e-09    4.17508e-09    3.67620e-09 
    3.14963e-09    2.78005e-09    2.39739e-09    2.08683e-09 
    1.77830e-09    1.56999e-09    1.36926e-09    1.20265e-09 
    1.06023e-09    9.30017e-10    8.19503e-10    7.23800e-10 
    6.41294e-10    5.67267e-10    5.10121e-10    4.56198e-10 
    4.08972e-10    3.67724e-10    3.32463e-10    3.02284e-10 
    2.76830e-10    2.55376e-10    2.37929e-10    2.24495e-10 
    2.14163e-10    2.06205e-10    2.10720e-10    2.03303e-10 
    2.07270e-10    2.14918e-10    2.26804e-10    2.40544e-10 
    2.50247e-10    2.84280e-10    3.10791e-10    3.30874e-10 
    3.74230e-10    4.08031e-10    4.50919e-10    4.90340e-10 
    5.22961e-10    5.72268e-10    6.07187e-10    6.57701e-10 
    6.81398e-10    7.05119e-10    7.13097e-10    7.55048e-10 
    7.60088e-10    7.43580e-10    7.25753e-10    6.74056e-10 
    6.76085e-10    6.74392e-10    6.41400e-10    5.93461e-10 
    5.47151e-10    4.61982e-10    4.12940e-10    3.48718e-10 
    2.97882e-10    2.56156e-10    2.22991e-10    1.95593e-10 
    1.72493e-10    1.53078e-10    1.36661e-10    1.22853e-10 
    1.11263e-10    1.01670e-10    9.38334e-11    8.76046e-11 
    8.28549e-11    7.94925e-11    7.74819e-11    7.67499e-11 
    7.72986e-11    7.91486e-11    8.23399e-11    8.69311e-11 
    9.29998e-11    1.00624e-10    1.09976e-10    1.21173e-10 
    1.34424e-10    1.49942e-10    1.67976e-10    1.88834e-10 
    2.12937e-10    2.40555e-10    2.72187e-10    3.08789e-10 
    3.51129e-10    4.00546e-10    4.60666e-10    5.27507e-10 
    5.98795e-10    7.05589e-10    8.13825e-10    9.00244e-10 
    1.02281e-09    1.16115e-09    1.35502e-09    1.52253e-09 
    1.76419e-09    2.00457e-09    2.27160e-09    2.55805e-09 
    3.02104e-09    3.39633e-09    3.86789e-09    4.31690e-09 
    5.04854e-09    5.59079e-09    6.44873e-09    7.34406e-09 
    8.02680e-09    9.25870e-09    1.01164e-08    1.12485e-08 
    1.19249e-08    1.31227e-08    1.37333e-08    1.42247e-08 
    1.48017e-08    1.50604e-08    1.53638e-08    1.55437e-08 
    1.53929e-08    1.51973e-08    1.45638e-08    1.44626e-08 
    1.34305e-08    1.26709e-08    1.20290e-08    1.05280e-08 
    9.28197e-09    7.99192e-09    7.15569e-09    6.16100e-09 
    5.42424e-09    4.74519e-09    4.17848e-09    3.62486e-09 
    3.17602e-09    2.75992e-09    2.41565e-09
*END
